                                                                <1143565421>
                                                            745598382
                                                        <695466127>
                                                            1446648412
                                                    332238283
                                                            1799560997
                                                        <415522325>
                                                            870305000
                                                <1528806445>
                                                        1916250774
                                                    1779289672
                                                        1000372555
                                            1434322197
                                                    1151297278
                                                2135019593
                                                    445080308
                                        <1849552528>
                                                    242588954
                                                1664423428
                                                    2060975266
                                            96055805
                                                    376696776
                                                1476453195
                                                    1396918184
                                    1736491298
                                                    620089368
                                                1934392735
                                                    6072641
                                            396377017
                                                    629580952
                                                286448566
                                                    1844400657
                                        <413360099>
                                                    1043388777
                                                1031126087
                                                    1609416931
                                            270754552
                                                    646755199
                                                1238498976
                                                    528433890
                                <481928577>
                                                627992393
                                            1012836610
                                                989241888
                                        1449228398
                                                1892430639
                                            928140528
                                                1936060910
                                    146533149
                                                1287726651
                                            584522071
                                                846621269
                                        787689126
                                                856363827
                                            1610009097
                                                1730418657
                            223712350
                                            1304811783
                                        1867107722
                                            699460008
                                    216220853
                                            1390543437
                                        813274570
                                            951426815
                                772634225
                                            384370888
                                        370917955
                                            1889804310
                                    164826621
                                            610506582
                                        1663080928
                                            1640170337
                        <1326247643>
                                            1267889618
                                        61101360
                                            1660651136
                                    1745897490
                                            1787897525
                                        1351538839
                                            1447395528
                                500037525
                                            1875641892
                                        1384095820
                                            1204754116
                                    632651476
                                            305197314
                                        2010794583
                                            1671735990
                            1088590930
                                            476564285
                                        2033669086
                                            1412277685
                                    617909211
                                            428903682
                                        580508860
                                            1030313563
                                219544266
                                            1907895021
                                        226723382
                                            672139932
                                    1431742587
                                            395191309
                                        1579068977
                                            1813080154
                    1669475776
                                            420687483
                                        309112297
                                            298501962
                                    1287859999
                                            1623380595
                                        63299708
                                            1442767057
                                1242990415
                                            1078898506
                                        1341443181
                                            1108399134
                                    1364090032
                                            1534230297
                                        1785550551
                                            1823796892
                            2006138722
                                            1604765404
                                        831768825
                                            1735079296
                                    209359415
                                            820097487
                                        803590181
                                            1694887982
                                476152433
                                            1979015720
                                        1240554603
                                            1766146081
                                    873199181
                                            1158381494
                                        1503967857
                                            1370973813
                        <1280311131>
                                            833215350
                                        235202254
                                            1992576590
                                    380390179
                                            1131884850
                                        101323875
                                            134591281
                                1862292122
                                            1954696532
                                        1470332231
                                            1687776787
                                    1675575223
                                            180785147
                                        992028067
                                            271059426
                            1395405989
                                            11671338
                                        931489114
                                            661955081
                                    343945053
                                            972058109
                                        454333378
                                            857490000
                                1105816539
                                            82173109
                                        262178224
                                            1649709016
                                    2025554010
                                            670752506
                                        1135771559
                                            1435218189
                <452825171>
                                        1250801052
                                    1891252715
                                        245798898
                                1417076376
                                        294110991
                                    811742698
                                        174515334
                            279121308
                                        1289547084
                                    695748720
                                        1404515797
                                932862806
                                        980356728
                                    1487053959
                                        733450907
                        1815209933
                                        2106914653
                                    207621703
                                        1633938701
                                2013725218
                                        372160269
                                    595311776
                                        1603591171
                            204102747
                                        1738909365
                                    513937457
                                        590335821
                                217927335
                                        2032454154
                                    1691449122
                                        207026272
                    1981208324
                                        1597141723
                                    1581539848
                                        1242561041
                                14989683
                                        1669679262
                                    1626250262
                                        1022089159
                            356684278
                                        1862875640
                                    2064945486
                                        199411898
                                1312630443
                                        1527622954
                                    525829204
                                        181271232
                        93189435
                                        1982945082
                                    1038626924
                                        410134047
                                168057522
                                        1003886059
                                    1089653714
                                        1761250573
                            1520982030
                                        628966950
                                    1046370347
                                        10901063
                                51245830
                                        94307398
                                    772970072
                                        738647283
            1582152040
                                        2059344234
                                    1763794427
                                        1140384172
                                1312994984
                                        1910858270
                                    1104627321
                                        157272379
                            550245196
                                        537322532
                                    1821066342
                                        1131359211
                                1434433518
                                        690367770
                                    1290127955
                                        1830539036
                        1814887560
                                        34740865
                                    1467963981
                                        554290596
                                1630387677
                                        460686763
                                    714880226
                                        1510080967
                            577721120
                                        952062949
                                    1385414639
                                        1460082195
                                659639006
                                        861109485
                                    1122336503
                                        441767868
                    746349250
                                        2000419805
                                    35756851
                                        1155722604
                                1360613073
                                        567304789
                                    483689685
                                        1566369633
                            1250372661
                                        1130698571
                                    1988714904
                                        1751378130
                                1022963858
                                        1255387090
                                    362575055
                                        1260596963
                        551836836
                                        1007277217
                                    1986894018
                                        120306710
                                2030449291
                                        1910300925
                                    124666328
                                        1265122573
                            292423943
                                        524305153
                                    337745691
                                        217871137
                                114760235
                                        1269400346
                                    406011017
                                        1738110294
                <639806732>
                                        1615935710
                                    672032919
                                        1941727088
                                1464415775
                                        1500474762
                                    1725138377
                                        1646478179
                            107734713
                                        733327814
                                    1388803074
                                        1909850543
                                703550253
                                        1502781486
                                    1421186593
                                        431530126
                        1124311574
                                        76593093
                                    2143124030
                                        765326717
                                1617876982
                                        1747844822
                                    927376882
                                        74552805
                            409544918
                                        1215828993
                                    1959343768
                                        524133589
                                629593614
                                        937558955
                                    1066077375
                                        845563291
                    151519934
                                        1319041805
                                    216588711
                                        1965421244
                                1392740049
                                        991810563
                                    257675105
                                        345367818
                            29777560
                                        2033505236
                                    488663950
                                        272020127
                                378469911
                                        1344593499
                                    435889744
                                        358984857
                        606199759
                                        395279207
                                    1985433483
                                        1543324176
                                1338299904
                                        1859031536
                                    262692685
                                        2032894977
                            586235379
                                        1021784812
                                    1605539862
                                        1931513970
                                786039021
                                        1894519218
                                    628974580
                                        333582338
        <2073785404>
                                    1372261796
                                1707746139
                                    1047372231
                            962033002
                                    371653516
                                2004187516
                                    1905241081
                        1655035325
                                    1291554098
                                1983614030
                                    19485054
                            738393740
                                    40610537
                                521035021
                                    1210359231
                    1204462951
                                    126401947
                                1280631491
                                    1452888574
                            1272796157
                                    1388391521
                                427355115
                                    802205057
                        235745791
                                    1858504292
                                1302539390
                                    452456682
                            1968217462
                                    1404196431
                                773319847
                                    1026413173
                410228794
                                    1336092622
                                1190668363
                                    1204275569
                            864101839
                                    712633417
                                2069110699
                                    1635550270
                        553160358
                                    1943003493
                                1645933681
                                    1675518157
                            983631233
                                    394633074
                                2077211388
                                    1899058025
                    1001089438
                                    2039723618
                                1025533459
                                    470591100
                            1152645729
                                    716334471
                                1647149314
                                    1930772757
                        2037770478
                                    2045826607
                                1826620483
                                    941804289
                            993967637
                                    1584710873
                                1983228458
                                    1353436873
            471990783
                                    478034945
                                1282648518
                                    1376035217
                            159473059
                                    126107205
                                2137100237
                                    1025125849
                        959372260
                                    1251300606
                                1745790417
                                    1232056856
                            1541027284
                                    37487770
                                873524566
                                    530498338
                    887077888
                                    309198987
                                970925433
                                    1369356620
                            826047641
                                    1748806355
                                104152274
                                    1095966189
                        1051858969
                                    241909610
                                1106059479
                                    1788014412
                            1112720090
                                    1505193512
                                70788355
                                    1243439214
                318561886
                                    1156541312
                                1386418627
                                    1281830857
                            1314218593
                                    885799631
                                1426819080
                                    1874799051
                        1857756970
                                    1708302647
                                358532290
                                    1010528946
                            1297893529
                                    564325578
                                1707056552
                                    1665204916
                    1630634994
                                    1369602726
                                1265204346
                                    1877565100
                            696947386
                                    2009726312
                                2137390358
                                    1411328205
                        1276673168
                                    1748349614
                                1717226057
                                    2016764524
                            1186631626
                                    1061730690
                                2004504234
                                    1184214677
    1989806367
                                    500618996
                                2002495425
                                    1586903190
                            1175526309
                                    1866000081
                                1516266761
                                    847228023
                        410409117
                                    1941690360
                                1450956042
                                    1780172261
                            1081174232
                                    337453826
                                400000569
                                    1900553541
                    672655340
                                    1402961682
                                1887658390
                                    1433102829
                            733053144
                                    389040743
                                1841585795
                                    1407392292
                        561717988
                                    655495367
                                12260289
                                    2416949
                            1219407971
                                    1503885238
                                1329202900
                                    402903177
                1472576335
                                    136495343
                                70636429
                                    328298285
                            1455590964
                                    1722060049
                                1543755629
                                    777720504
                        860516127
                                    1113502215
                                1380171692
                                    1328104339
                            1812282134
                                    1144522535
                                12895151
                                    1387036159
                    669908538
                                    1498617647
                                1739000681
                                    1473144500
                            1974806403
                                    1186090428
                                1395132002
                                    559301039
                        1583571043
                                    655858699
                                820697697
                                    816504794
                            31308902
                                    1192707556
                                332266748
                                    1144278050
            828388027
                                    496060028
                                932026304
                                    677870460
                            861543921
                                    430253414
                                1545032460
                                    1679895436
                        1448703729
                                    235649157
                                1315209188
                                    425245975
                            474613996
                                    661761152
                                1795519125
                                    1344247686
                    1671294892
                                    552910253
                                78012497
                                    1415505363
                            1750003033
                                    739273303
                                1886086990
                                    767066249
                        624549797
                                    1775473788
                                484238046
                                    1034514500
                            364319529
                                    1983690368
                                212251746
                                    150517567
                1781999754
                                    501772890
                                1280321648
                                    1329132133
                            1129033333
                                    1309383303
                                364686248
                                    1023457753
                        1908518808
                                    653448036
                                777210498
                                    1277849958
                            1137949908
                                    1242608872
                                1266235189
                                    255789528
                    950390868
                                    1486222842
                                1676902021
                                    982936784
                            114723506
                                    110613202
                                282828202
                                    1737518944
                        1411154259
                                    648031326
                                822262754
                                    213801961
                            201690613
                                    1857962504
                                1017679567
                                    452867621
        <1520223205>
                                    2118421993
                                964445884
                                    105575579
                            1548348142
                                    1858721860
                                246247255
                                    630668850
                        1662981776
                                    1682085273
                                11614769
                                    882160379
                            292218004
                                    1927495994
                                726371155
                                    2114937732
                    1371499336
                                    1566288819
                                700108581
                                    524688209
                            846942590
                                    1782280524
                                915256190
                                    1197352298
                        446340713
                                    1111783898
                                1343606042
                                    1896306640
                            337739299
                                    1046741222
                                1635905385
                                    1414647625
                570073850
                                    1253207672
                                2006811972
                                    917679292
                            195740084
                                    711645630
                                619054081
                                    780821396
                        1389867269
                                    231602422
                                155789224
                                    324763920
                            555996658
                                    1307565984
                                1414829150
                                    846811127
                    719346228
                                    1065311705
                                1756915667
                                    1797073940
                            1335939811
                                    1950955939
                                2001229904
                                    697517721
                        774044599
                                    296864819
                                260401255
                                    1070575321
                            476667372
                                    382697713
                                1555319301
                                    1799878206
            1057467587
                                    1295166342
                                298625210
                                    1562402336
                            1469262009
                                    387451659
                                625032172
                                    1065103348
                        1823089412
                                    995706887
                                1057418418
                                    1856669179
                            588219756
                                    349517445
                                1237379107
                                    1069755936
                    1876855542
                                    1953443376
                                1943327684
                                    638422090
                            1176911340
                                    1704365084
                                437116466
                                    1850952926
                        1967681095
                                    2025187190
                                1662739668
                                    824272813
                            1472713773
                                    260152959
                                1501252996
                                    1642548899
                1973387981
                                    2058657199
                                937370163
                                    404158660
                            711845894
                                    1776808933
                                7684930
                                    2113903881
                        407487131
                                    707900973
                                619290071
                                    1665947468
                            620145550
                                    1431419379
                                1273911899
                                    1238433452
                    776532036
                                    238962600
                                201305624
                                    1473442062
                            1884167637
                                    559412924
                                188213258
                                    1143408282
                        552473416
                                    1402586708
                                1470503465
                                    1977648522
                            434248626
                                    1590079444
                                705178736
                                    1569229320
1346811305
                                1308044878
                            396473730
                                745425661
                        1369321801
                                1447267605
                            1494613810
                                889023311
                    87755422
                                1335354340
                            392035568
                                1529195746
                        654887343
                                1034949299
                            1037127828
                                1450573622
                502278611
                                1789376348
                            1285228804
                                740759355
                        6939507
                                933110197
                            1820388464
                                722308542
                    968338082
                                2027907669
                            1272469786
                                1012502954
                        243268139
                                1544617505
                            1172755590
                                601385644
            2086206725
                                1096689772
                            1398295499
                                480298490
                        1359512183
                                159259470
                            496987743
                                706043324
                    680466996
                                1504569917
                            492067917
                                1351797369
                        532670688
                                1395235128
                            165344818
                                1909002904
                1782436840
                                352118606
                            1067854538
                                1432114613
                        2112255763
                                1939964443
                            1597322404
                                2103318776
                    1784639529
                                1875335928
                            1987231011
                                1789366143
                        1605894428
                                76065818
                            1350573793
                                1605908235
        1884661237
                                1239036029
                            2130794395
                                653468858
                        1626276121
                                1139901474
                            213975407
                                1476153275
                    971899228
                                1244316437
                            1186452551
                                771151432
                        1760281936
                                1960709859
                            841148365
                                350322227
                387346491
                                1275373743
                            1982275856
                                8936987
                        155324914
                                1869470124
                            116087764
                                2142757034
                    269441500
                                1911165193
                            438792350
                                2147469841
                        338888228
                                111537764
                            1622597488
                                1231192379
            1760243555
                                990892921
                            439493451
                                150122846
                        168002245
                                1117142618
                            289700723
                                200747796
                    1631518149
                                1373226340
                            2077486715
                                1409959708
                        1573363368
                                1713258270
                            515530019
                                378409503
                1120048829
                                112805732
                            2040332871
                                160051528
                        1600028624
                                352406219
                            1703964683
                                269455306
                    1572276965
                                327254586
                            524872353
                                1255179497
                        498777856
                                631704567
                            791698927
                                1610120709
    822890675
                                1469834481
                            2007905771
                                2114738097
                        1633108117
                                1063958031
                            270744729
                                221558440
                    1947346619
                                364228444
                            894429689
                                1194953865
                        593209441
                                402724286
                            485560280
                                959997301
                660260756
                                1687926652
                            603570492
                                1330573317
                        927612902
                                1376710097
                            1892066601
                                317097467
                    1975960378
                                2040651434
                            463480570
                                1036140795
                        1956297539
                                1469348094
                            1749698586
                                855636226
            1984210012
                                943947739
                            1843993368
                                1411549676
                        1264095060
                                2053999932
                            1474612399
                                752392754
                    1918502651
                                491705403
                            709393584
                                1780695788
                        1889947178
                                945117276
                            356426808
                                1477171087
                760313750
                                1374344043
                            1585990364
                                610515434
                        1548233367
                                1998898814
                            2001100545
                                939819582
                    84353895
                                1141616124
                            1433925857
                                1100661313
                        1632621729
                                805750846
                            1159126505
                                572660336
        1827336327
                                1937477084
                            2084420925
                                511702305
                        135497281
                                982906996
                            42999170
                                137806862
                    749241873
                                1911759956
                            1424268980
                                412776091
                        184803526
                                1129566413
                            2038664370
                                149798315
                1973594324
                                1734575198
                            756898537
                                608413784
                        1914544919
                                859484421
                            1653377373
                                1131176229
                    1656478042
                                628175011
                            2089018456
                                1059961393
                        1125898167
                                1369133069
                            635723058
                                1315634022
            1801979802
                                1101513929
                            468703135
                                2145174067
                        233665123
                                278722862
                            861021530
                                336465782
                    1726956429
                                294702567
                            521595368
                                35005211
                        1303455736
                                304089172
                            1540383426
                                1365180540
                1967513926
                                2044897763
                            1102520059
                                783368690
                        1350490027
                                1025202362
                            1189641421
                                596516649
                    1649760492
                                719885386
                            424238335
                                1957747793
                        1714636915
                                1681692777
                            846930886
                                1804289383
