                        <336465782>
                    1726956429
                        <294702567>
                <521595368>
                    35005211
            1303455736
                    304089172
                <1540383426>
                    1365180540
        <1967513926>
                2044897763
            1102520059
                783368690
    1350490027
            1025202362
        1189641421
            596516649
1649760492
            719885386
        424238335
            1957747793
    1714636915
            1681692777
        846930886
            1804289383
