                                <2038664370>
                            149798315
                        <1973594324>
                            1734575198
                    756898537
                        608413784
                <1914544919>
                        859484421
                    1653377373
                        1131176229
            1656478042
                        628175011
                    2089018456
                        1059961393
                <1125898167>
                        1369133069
                    635723058
                        1315634022
        <1801979802>
                    1101513929
                468703135
                    2145174067
            233665123
                    278722862
                861021530
                    336465782
    1726956429
                294702567
            521595368
                35005211
        1303455736
                304089172
            1540383426
                1365180540
1967513926
                2044897763
            1102520059
                783368690
        1350490027
                1025202362
            1189641421
                596516649
    1649760492
                719885386
            424238335
                1957747793
        1714636915
                1681692777
            846930886
                1804289383
